4294967294,371
1793,4
1793,3
1793,2
1793,1
1793,0
4294967279,345
4294967279,297
4294967278,425
1792,5
1792,4
1792,3
1792,2
1792,1
1792,0
4294967279,344
1791,4
1791,3
1791,2
1791,1
1791,0
1790,5
1790,4
1790,3
1790,2
1790,1
1790,0
4294967278,424
1789,4
1789,3
1789,2
1789,1
1789,0
1788,4
1788,3
1788,2
1788,1
1788,0
4294967278,422
1787,4
1787,3
1787,2
1787,1
1787,0
1786,4
1786,3
1786,2
1786,1
1786,0
1785,4
1785,3
1785,2
1785,1
1785,0
1784,4
1784,3
1784,2
1784,1
1784,0
1783,4
1783,3
1783,2
1783,1
1783,0
1782,4
1782,3
1782,2
1782,1
1782,0
4294967294,1014
1781,4
1781,3
1781,2
1781,1
1781,0
4294967293,131
4294967293,130
4294967293,129
4294967293,128
4294967293,127
4294967293,126
4294967293,125
4294967293,124
4294967293,123
4294967293,122
4294967293,121
4294967293,120
4294967293,119
4294967293,118
4294967293,117
4294967293,116
4294967293,115
4294967293,114
4294967293,113
4294967293,112
4294967293,111
4294967293,110
4294967293,109
4294967293,108
4294967293,107
4294967293,106
4294967293,105
4294967293,104
4294967293,103
4294967293,102
4294967293,101
4294967293,100
4294967293,99
4294967293,98
4294967293,97
4294967293,96
4294967293,95
4294967293,94
4294967293,93
4294967293,92
4294967293,91
4294967293,90
4294967293,89
4294967293,88
4294967293,87
4294967293,86
4294967293,85
4294967293,84
4294967293,83
4294967293,82
4294967293,81
4294967293,80
4294967293,79
4294967293,78
4294967293,77
4294967293,76
4294967293,75
4294967293,74
4294967293,73
4294967293,72
4294967293,71
4294967293,70
4294967293,69
4294967293,68
4294967293,67
4294967293,66
4294967293,65
4294967293,64
4294967293,63
4294967293,62
4294967293,61
4294967293,60
4294967293,59
4294967293,58
4294967293,57
4294967293,56
4294967293,55
4294967293,54
4294967293,53
4294967293,52
4294967293,51
4294967293,50
4294967293,49
4294967293,48
4294967293,47
4294967293,46
4294967293,45
4294967293,44
4294967293,43
4294967293,42
4294967293,41
4294967293,40
4294967293,39
4294967293,38
4294967293,37
4294967293,36
4294967293,35
4294967293,34
4294967293,33
4294967293,32
4294967293,31
4294967293,30
4294967293,29
4294967293,28
4294967293,27
4294967293,26
4294967293,25
4294967293,24
4294967293,23
4294967293,22
4294967293,21
4294967293,20
4294967293,19
4294967293,18
4294967293,17
4294967293,16
4294967293,15
4294967293,14
4294967293,13
4294967293,12
4294967293,11
4294967293,10
4294967293,9
4294967293,8
4294967293,7
4294967293,6
4294967293,5
4294967293,4
4294967293,3
4294967293,2
4294566162,0
4294566161,0
4294566160,0
4294566159,0
4294566158,0
4294566157,0
4294566156,0
4294566155,0
4294566154,0
4294566153,0
4294967293,0
4294967278,158
4294967278,46
4294967278,389
4294967278,157
4294967278,45
4294967278,244
4294967278,156
4294967278,44
4294967278,292
4294967278,155
4294967278,43
4294967278,405
4294967278,154
4294967278,42
4294967278,153
4294967278,41
4294967278,152
4294967278,40
4294967278,323
4294967278,151
4294967278,39
4294967278,285
4294967278,150
4294967278,38
4294967278,418
4294967278,149
4294967278,37
4294967278,148
4294967278,36
4294967278,377
4294967278,147
4294967278,35
4294967278,399
4294967278,146
4294967278,34
4294967278,394
4294967278,145
4294967278,33
4294967278,227
4294967278,144
4294967278,32
4294967278,231
4294967278,143
4294967278,31
4294967278,299
4294967278,142
4294967278,30
4294967278,282
4294967278,141
4294967278,29
4294967278,388
4294967278,140
4294967278,28
4294967278,423
4294967278,139
4294967278,27
4294967278,417
4294967278,138
4294967278,26
4294967278,273
4294967278,225
4294967278,25
4294967278,277
4294967278,136
4294967278,24
4294967278,367
4294967278,135
4294967278,23
4294967278,381
4294967278,134
4294967278,22
4294967278,223
4294967278,133
4294967278,21
4294967278,393
4294967278,272
4294967278,20
4294967278,298
4294967278,271
4294967278,19
4294967278,348
4294967278,270
4294967278,18
4294967278,209
4294967278,269
4294967278,17
4294967278,289
4294967278,268
4294967278,16
4294967278,219
4294967278,267
4294967278,15
4294967278,312
4294967278,266
4294967278,14
4294967278,306
4294967278,265
4294967278,13
4294967278,404
4294967278,264
4294967278,12
4294967278,233
4294967278,263
4294967278,11
4294967278,413
4294967278,262
4294967278,10
4294967278,408
4294967278,261
4294967278,9
4294967278,297
4294967278,259
4294967278,8
4294967278,215
4294967278,258
4294967278,7
4294967278,257
4294967278,347
4294967278,6
4294967278,255
4294967278,304
4294967278,5
4294967278,274
4294967278,361
4294967278,4
